docs/.gitignore
  h_c93d154c7c7074 4
docs/package-lock.json
  h_c93d154c7c7074 26,41,60,87,103,116,126,142,156,169,183,199,213,239,253,266,289,302,318,399,409,434,456,484,507,530,552,562,584,606,629,659,682,706,731,749,763,773,787,794,811,826,840,853,868,881,895,902,912,922,929,936,949,962,978,995,1002,1013,1029,1043,1050,1057,1067,1083,1098,1108,1123,1144,1151,1164,1177,1202,1212,1225,1244,1258,1275,1286,1299,1310,1321,1328,1335,1351,1364,1374,1384,1397,1404,1415,1425,1432,1446,1459,1476,1491,1504,1520,1535,1548,1561,1577,1595,1605,1619,1626,1639,1658,1674,1691,1710,1725,1732,1739,1752,1762,1772,1785,1792,1802,1812,1822,1832,1839,1856,1866,1876,1894,1907,1925,1939,1955,1970,1980,1993,2018,2032,2055,2065,2072,2090,2103,2124,2137,2144,2166,2179,2192,2208,2221,2245,2259,2269,2280,2303,2320,2341,2351,2358,2371,2381,2391,2404,2417,2427,2443,2456,2463,2489,2512,2525,2538,2563,2576,2583,2600,2613,2626,2636,2652,2665,2678,2688,2710,2723,2733,2754,2771,2793,2810,2827,2841,2854,2870,2880,2897,2910,2923,2939,2949,2959,2969,2979,2989,2996,3007,3020,3030,3040,3056,3063,3075,3099,3112,3128,3141,3151,3158,3168,3185,3195,3202,3215,3225,3248,3258,3265,3278,3288,3298,3315,3325,3336,3357,3364,3381,3391,3401,3411,3418,3425,3435,3452,3463,3487,3508,3518,3525,3535,3553,3574,3594,3601,3614,3635,3661,3671,3681,3691,3702,3712,3725,3738,3750,3760,3778,3793,3809,3822,3832,3842,3855,3862,3877,3890,3901,3914,3929,3943,3953,3967,3981,3995,4011,4026,4036,4046,4061,4076,4092,4114,4121,4136,4146,4153,4168,4181,4188,4198,4208,4221,4231,4244
---
{
  "schema_version": "authorship/3.0.0",
  "git_ai_version": "1.6.22",
  "base_commit_sha": "06bd26e635cda58878e040ee3dc98e40c0eddfd1",
  "prompts": {},
  "humans": {
    "h_c93d154c7c7074": {
      "author": "Jesus Manuel Piñeiro Cid <jesusmpc@inditex.com>"
    }
  }
}