docs/package-lock.json
  h_c93d154c7c7074 12-16,26,41,60,87,103,116,126,142,156,169,183,199,213,239,253,266,289,302,318,324-326,328,330,333,344-346,358-360,375-377,388-390,392,399,409,434,456,484,507,530,552,562,584,606,629,659,682,706,731,749,763,773,787,794,811,826,840,853,868,881,895,902,912,922,929,936,949,962,978,995,1002,1013,1029,1043,1050,1057,1067,1083,1098,1108,1123,1144,1151,1164,1177,1202,1212,1225,1244,1258,1275,1286,1299,1310,1321,1328,1335,1351,1364,1374,1384,1397,1404,1415,1425,1432,1446,1459,1476,1491,1504,1520,1535,1548,1561,1577,1595,1605,1619,1626,1639,1658,1674,1691,1710,1725,1732,1739,1752,1762,1772,1785,1792,1802,1812,1822,1832,1839,1856,1866,1876,1894,1907,1925,1939,1955,1970,1980,1993,2018,2032,2055,2065,2072,2090,2103,2124,2137,2144,2166,2179,2192,2208,2221,2245,2259,2269,2280,2303,2320,2341,2351,2358,2371,2381,2391,2404,2417,2427,2443,2456,2463,2489,2512,2525,2538,2563,2576,2583,2600,2613,2626,2636,2652,2666,2679,2689,2711,2724,2734,2755,2772,2794,2811,2828,2842,2855,2871,2881,2898,2911,2924,2940,2950,2960,2970,2980,2990,2997,3008,3021,3031,3041,3057,3064,3076,3100,3113,3129,3142,3152,3159,3169,3186,3196,3203,3216,3226,3249,3259,3266,3279,3289,3299,3316,3327,3338,3359,3366,3383,3393,3403,3413,3420,3427,3437,3454,3465,3489,3510,3520,3527,3537,3555,3576,3596,3603,3616,3637,3663,3673,3683,3693,3704,3714,3727,3740,3752,3762,3780,3795,3811,3824,3834,3844,3857,3864,3879,3892,3903,3916,3931,3945,3955,3969,3983,3997,4013,4028,4038,4048,4063,4078,4094,4116,4123,4138,4148,4155,4170,4183,4190,4200,4210,4223,4233,4246
docs/package.json
  h_c93d154c7c7074 18-22
---
{
  "schema_version": "authorship/3.0.0",
  "git_ai_version": "1.6.22",
  "base_commit_sha": "bf0f0ec4a9db91a0c54960f46aa95033ab8d26c2",
  "prompts": {},
  "humans": {
    "h_c93d154c7c7074": {
      "author": "Jesus Manuel Piñeiro Cid <jesusmpc@inditex.com>"
    }
  }
}